; FBX 7.7.0 project file
; ----------------------------------------------------

FBXHeaderExtension:  {
	FBXHeaderVersion: 1004
	FBXVersion: 7700
	CreationTimeStamp:  {
		Version: 1000
		Year: 2021
		Month: 6
		Day: 17
		Hour: 14
		Minute: 54
		Second: 24
		Millisecond: 502
	}
	Creator: "FBX SDK/FBX Plugins version 2020.0.1"
	OtherFlags:  {
		TCDefinition: 127
	}
	SceneInfo: "SceneInfo::GlobalInfo", "UserData" {
		Type: "UserData"
		Version: 100
		MetaData:  {
			Version: 100
			Title: ""
			Subject: ""
			Author: ""
			Keywords: ""
			Revision: ""
			Comment: ""
		}
		Properties70:  {
			P: "DocumentUrl", "KString", "Url", "", "C:\Users\jeanc\Documents\3ds Max 2021\export\SpectralRaven\SpectralRaven_Fly.fbx"
			P: "SrcDocumentUrl", "KString", "Url", "", "C:\Users\jeanc\Documents\3ds Max 2021\export\SpectralRaven\SpectralRaven_Fly.fbx"
			P: "Original", "Compound", "", ""
			P: "Original|ApplicationVendor", "KString", "", "", "Autodesk"
			P: "Original|ApplicationName", "KString", "", "", "3ds Max"
			P: "Original|ApplicationVersion", "KString", "", "", "2021"
			P: "Original|DateTime_GMT", "DateTime", "", "", "17/06/2021 12:54:24.501"
			P: "Original|FileName", "KString", "", "", "C:\Users\jeanc\Documents\3ds Max 2021\export\SpectralRaven\SpectralRaven_Fly.fbx"
			P: "LastSaved", "Compound", "", ""
			P: "LastSaved|ApplicationVendor", "KString", "", "", "Autodesk"
			P: "LastSaved|ApplicationName", "KString", "", "", "3ds Max"
			P: "LastSaved|ApplicationVersion", "KString", "", "", "2021"
			P: "LastSaved|DateTime_GMT", "DateTime", "", "", "17/06/2021 12:54:24.501"
			P: "Original|ApplicationActiveProject", "KString", "", "", "C:\Users\jeanc\Documents\3ds Max 2021"
			P: "Original|ApplicationNativeFile", "KString", "", "", "C:\Users\jeanc\Documents\3ds Max 2021\scenes\ProjetFinAnnée21\Raven\Ashkyn_Raven003_Idl.max"
		}
	}
}
GlobalSettings:  {
	Version: 1000
	Properties70:  {
		P: "UpAxis", "int", "Integer", "",2
		P: "UpAxisSign", "int", "Integer", "",1
		P: "FrontAxis", "int", "Integer", "",1
		P: "FrontAxisSign", "int", "Integer", "",-1
		P: "CoordAxis", "int", "Integer", "",0
		P: "CoordAxisSign", "int", "Integer", "",1
		P: "OriginalUpAxis", "int", "Integer", "",2
		P: "OriginalUpAxisSign", "int", "Integer", "",1
		P: "UnitScaleFactor", "double", "Number", "",2.54
		P: "OriginalUnitScaleFactor", "double", "Number", "",2.54
		P: "AmbientColor", "ColorRGB", "Color", "",0,0,0
		P: "DefaultCamera", "KString", "", "", "Producer Perspective"
		P: "TimeMode", "enum", "", "",6
		P: "TimeProtocol", "enum", "", "",2
		P: "SnapOnFrameMode", "enum", "", "",0
		P: "TimeSpanStart", "KTime", "Time", "",0
		P: "TimeSpanStop", "KTime", "Time", "",184744632000
		P: "CustomFrameRate", "double", "Number", "",-1
		P: "TimeMarker", "Compound", "", ""
		P: "CurrentTimeMarker", "int", "Integer", "",-1
	}
}

; Documents Description
;------------------------------------------------------------------

Documents:  {
	Count: 1
	Document: 2332214451776, "", "Scene" {
		Properties70:  {
			P: "SourceObject", "object", "", ""
			P: "ActiveAnimStackName", "KString", "", "", ""
		}
		RootNode: 0
	}
}

; Document References
;------------------------------------------------------------------

References:  {
}

; Object definitions
;------------------------------------------------------------------

Definitions:  {
	Version: 100
	Count: 439
	ObjectType: "GlobalSettings" {
		Count: 1
	}
	ObjectType: "AnimationStack" {
		Count: 1
		PropertyTemplate: "FbxAnimStack" {
			Properties70:  {
				P: "Description", "KString", "", "", ""
				P: "LocalStart", "KTime", "Time", "",0
				P: "LocalStop", "KTime", "Time", "",0
				P: "ReferenceStart", "KTime", "Time", "",0
				P: "ReferenceStop", "KTime", "Time", "",0
			}
		}
	}
	ObjectType: "AnimationLayer" {
		Count: 1
		PropertyTemplate: "FbxAnimLayer" {
			Properties70:  {
				P: "Weight", "Number", "", "A",100
				P: "Mute", "bool", "", "",0
				P: "Solo", "bool", "", "",0
				P: "Lock", "bool", "", "",0
				P: "Color", "ColorRGB", "Color", "",0.8,0.8,0.8
				P: "BlendMode", "enum", "", "",0
				P: "RotationAccumulationMode", "enum", "", "",0
				P: "ScaleAccumulationMode", "enum", "", "",0
				P: "BlendModeBypass", "ULongLong", "", "",0
			}
		}
	}
	ObjectType: "Model" {
		Count: 29
		PropertyTemplate: "FbxNode" {
			Properties70:  {
				P: "QuaternionInterpolate", "enum", "", "",0
				P: "RotationOffset", "Vector3D", "Vector", "",0,0,0
				P: "RotationPivot", "Vector3D", "Vector", "",0,0,0
				P: "ScalingOffset", "Vector3D", "Vector", "",0,0,0
				P: "ScalingPivot", "Vector3D", "Vector", "",0,0,0
				P: "TranslationActive", "bool", "", "",0
				P: "TranslationMin", "Vector3D", "Vector", "",0,0,0
				P: "TranslationMax", "Vector3D", "Vector", "",0,0,0
				P: "TranslationMinX", "bool", "", "",0
				P: "TranslationMinY", "bool", "", "",0
				P: "TranslationMinZ", "bool", "", "",0
				P: "TranslationMaxX", "bool", "", "",0
				P: "TranslationMaxY", "bool", "", "",0
				P: "TranslationMaxZ", "bool", "", "",0
				P: "RotationOrder", "enum", "", "",0
				P: "RotationSpaceForLimitOnly", "bool", "", "",0
				P: "RotationStiffnessX", "double", "Number", "",0
				P: "RotationStiffnessY", "double", "Number", "",0
				P: "RotationStiffnessZ", "double", "Number", "",0
				P: "AxisLen", "double", "Number", "",10
				P: "PreRotation", "Vector3D", "Vector", "",0,0,0
				P: "PostRotation", "Vector3D", "Vector", "",0,0,0
				P: "RotationActive", "bool", "", "",0
				P: "RotationMin", "Vector3D", "Vector", "",0,0,0
				P: "RotationMax", "Vector3D", "Vector", "",0,0,0
				P: "RotationMinX", "bool", "", "",0
				P: "RotationMinY", "bool", "", "",0
				P: "RotationMinZ", "bool", "", "",0
				P: "RotationMaxX", "bool", "", "",0
				P: "RotationMaxY", "bool", "", "",0
				P: "RotationMaxZ", "bool", "", "",0
				P: "InheritType", "enum", "", "",0
				P: "ScalingActive", "bool", "", "",0
				P: "ScalingMin", "Vector3D", "Vector", "",0,0,0
				P: "ScalingMax", "Vector3D", "Vector", "",1,1,1
				P: "ScalingMinX", "bool", "", "",0
				P: "ScalingMinY", "bool", "", "",0
				P: "ScalingMinZ", "bool", "", "",0
				P: "ScalingMaxX", "bool", "", "",0
				P: "ScalingMaxY", "bool", "", "",0
				P: "ScalingMaxZ", "bool", "", "",0
				P: "GeometricTranslation", "Vector3D", "Vector", "",0,0,0
				P: "GeometricRotation", "Vector3D", "Vector", "",0,0,0
				P: "GeometricScaling", "Vector3D", "Vector", "",1,1,1
				P: "MinDampRangeX", "double", "Number", "",0
				P: "MinDampRangeY", "double", "Number", "",0
				P: "MinDampRangeZ", "double", "Number", "",0
				P: "MaxDampRangeX", "double", "Number", "",0
				P: "MaxDampRangeY", "double", "Number", "",0
				P: "MaxDampRangeZ", "double", "Number", "",0
				P: "MinDampStrengthX", "double", "Number", "",0
				P: "MinDampStrengthY", "double", "Number", "",0
				P: "MinDampStrengthZ", "double", "Number", "",0
				P: "MaxDampStrengthX", "double", "Number", "",0
				P: "MaxDampStrengthY", "double", "Number", "",0
				P: "MaxDampStrengthZ", "double", "Number", "",0
				P: "PreferedAngleX", "double", "Number", "",0
				P: "PreferedAngleY", "double", "Number", "",0
				P: "PreferedAngleZ", "double", "Number", "",0
				P: "LookAtProperty", "object", "", ""
				P: "UpVectorProperty", "object", "", ""
				P: "Show", "bool", "", "",1
				P: "NegativePercentShapeSupport", "bool", "", "",1
				P: "DefaultAttributeIndex", "int", "Integer", "",-1
				P: "Freeze", "bool", "", "",0
				P: "LODBox", "bool", "", "",0
				P: "Lcl Translation", "Lcl Translation", "", "A",0,0,0
				P: "Lcl Rotation", "Lcl Rotation", "", "A",0,0,0
				P: "Lcl Scaling", "Lcl Scaling", "", "A",1,1,1
				P: "Visibility", "Visibility", "", "A",1
				P: "Visibility Inheritance", "Visibility Inheritance", "", "",1
			}
		}
	}
	ObjectType: "Geometry" {
		Count: 1
		PropertyTemplate: "FbxMesh" {
			Properties70:  {
				P: "Color", "ColorRGB", "Color", "",0.8,0.8,0.8
				P: "BBoxMin", "Vector3D", "Vector", "",0,0,0
				P: "BBoxMax", "Vector3D", "Vector", "",0,0,0
				P: "Primary Visibility", "bool", "", "",1
				P: "Casts Shadows", "bool", "", "",1
				P: "Receive Shadows", "bool", "", "",1
			}
		}
	}
	ObjectType: "NodeAttribute" {
		Count: 28
		PropertyTemplate: "FbxSkeleton" {
			Properties70:  {
				P: "Color", "ColorRGB", "Color", "",0.8,0.8,0.8
				P: "Size", "double", "Number", "",100
				P: "LimbLength", "double", "Number", "H",1
			}
		}
	}
	ObjectType: "AnimationCurve" {
		Count: 261
	}
	ObjectType: "AnimationCurveNode" {
		Count: 87
		PropertyTemplate: "FbxAnimCurveNode" {
			Properties70:  {
				P: "d", "Compound", "", ""
			}
		}
	}
	ObjectType: "Deformer" {
		Count: 29
	}
	ObjectType: "Pose" {
		Count: 1
	}
}

; Object properties
;------------------------------------------------------------------

Objects:  {
	Model: 2331736083536, "Model::SpectralRaven", "Mesh" {
		Version: 232
		Properties70:  {
			P: "InheritType", "enum", "", "",1
			P: "ScalingMax", "Vector3D", "Vector", "",0,0,0
			P: "GeometricTranslation", "Vector3D", "Vector", "",-2.24607992172241,9.3706636428833,16.0076904296875
			P: "GeometricRotation", "Vector3D", "Vector", "",90.0000152587891,35.0000114440918,4.16906095779268e-06
			P: "DefaultAttributeIndex", "int", "Integer", "",0
			P: "MaxHandle", "int", "Integer", "UH",5
		}
		Shading: T
		Culling: "CullingOff"
	}
	Model: 2331736114224, "Model::R-Spine 01", "LimbNode" {
		Version: 232
		Properties70:  {
			P: "InheritType", "enum", "", "",1
			P: "ScalingMax", "Vector3D", "Vector", "",0,0,0
			P: "DefaultAttributeIndex", "int", "Integer", "",0
			P: "Lcl Translation", "Lcl Translation", "", "A+",-8.8253927230835,-1.29232012113789e-06,42.6394233703613
			P: "Lcl Rotation", "Lcl Rotation", "", "A+",90.0000093346677,-7.25299622819248,0
			P: "MaxHandle", "int", "Integer", "UH",29
		}
		Shading: T
		Culling: "CullingOff"
	}
	Model: 2331736118608, "Model::R-Spine 02", "LimbNode" {
		Version: 232
		Properties70:  {
			P: "InheritType", "enum", "", "",1
			P: "ScalingMax", "Vector3D", "Vector", "",0,0,0
			P: "DefaultAttributeIndex", "int", "Integer", "",0
			P: "Lcl Translation", "Lcl Translation", "", "A+",11.4167413711548,0,3.15816123475088e-07
			P: "Lcl Rotation", "Lcl Rotation", "", "A+",0,3.64946871778049e-06,40.9443023581034
			P: "MaxHandle", "int", "Integer", "UH",30
		}
		Shading: T
		Culling: "CullingOff"
	}
	Model: 2331736122992, "Model::R-Spine 03", "LimbNode" {
		Version: 232
		Properties70:  {
			P: "InheritType", "enum", "", "",1
			P: "ScalingMax", "Vector3D", "Vector", "",0,0,0
			P: "DefaultAttributeIndex", "int", "Integer", "",0
			P: "Lcl Translation", "Lcl Translation", "", "A+",10.6111068725586,-5.7220458984375e-06,9.09494701772928e-13
			P: "Lcl Rotation", "Lcl Rotation", "", "A+",0,-4.07111135860934e-13,-10.7561684334589
			P: "MaxHandle", "int", "Integer", "UH",31
		}
		Shading: T
		Culling: "CullingOff"
	}
	Model: 2331735873104, "Model::R-Spine 04", "LimbNode" {
		Version: 232
		Properties70:  {
			P: "InheritType", "enum", "", "",1
			P: "ScalingMax", "Vector3D", "Vector", "",0,0,0
			P: "DefaultAttributeIndex", "int", "Integer", "",0
			P: "Lcl Translation", "Lcl Translation", "", "A+",3.24867630004883,7.62939453125e-06,7.00888449500781e-08
			P: "Lcl Rotation", "Lcl Rotation", "", "A+",0,7.1244417892478e-13,-28.8428082552493
			P: "MaxHandle", "int", "Integer", "UH",32
		}
		Shading: T
		Culling: "CullingOff"
	}
	Model: 2331735877488, "Model::R-Spine 05", "LimbNode" {
		Version: 232
		Properties70:  {
			P: "InheritType", "enum", "", "",1
			P: "ScalingMax", "Vector3D", "Vector", "",0,0,0
			P: "DefaultAttributeIndex", "int", "Integer", "",0
			P: "Lcl Translation", "Lcl Translation", "", "A+",5.25829124450684,-3.814697265625e-06,3.87559339287691e-07
			P: "Lcl Rotation", "Lcl Rotation", "", "A+",-8.14221932761405e-13,-6.10666449571054e-13,-26.8648263968264
			P: "MaxHandle", "int", "Integer", "UH",33
		}
		Shading: T
		Culling: "CullingOff"
	}
	Model: 2331735954208, "Model::R-Spine 06", "LimbNode" {
		Version: 232
		Properties70:  {
			P: "InheritType", "enum", "", "",1
			P: "ScalingMax", "Vector3D", "Vector", "",0,0,0
			P: "DefaultAttributeIndex", "int", "Integer", "",0
			P: "Lcl Translation", "Lcl Translation", "", "A+",4.40350341796875,-7.62939453125e-06,4.66789288111613e-07
			P: "Lcl Rotation", "Lcl Rotation", "", "A+",0,-4.07111023493038e-13,0
			P: "MaxHandle", "int", "Integer", "UH",34
		}
		Shading: T
		Culling: "CullingOff"
	}
	Model: 2331735956400, "Model::R-Wing L 01", "LimbNode" {
		Version: 232
		Properties70:  {
			P: "InheritType", "enum", "", "",1
			P: "ScalingMax", "Vector3D", "Vector", "",0,0,0
			P: "DefaultAttributeIndex", "int", "Integer", "",0
			P: "Lcl Translation", "Lcl Translation", "", "A+",14.4810762405396,5.49839019775391,-3.43117165565491
			P: "Lcl Rotation", "Lcl Rotation", "", "A+",-61.2377706961849,75.3652387104647,79.4080147670163
			P: "MaxHandle", "int", "Integer", "UH",38
		}
		Shading: T
		Culling: "CullingOff"
	}
	Model: 2331738168656, "Model::R-Wing L 02", "LimbNode" {
		Version: 232
		Properties70:  {
			P: "InheritType", "enum", "", "",1
			P: "ScalingMax", "Vector3D", "Vector", "",0,0,0
			P: "DefaultAttributeIndex", "int", "Integer", "",0
			P: "Lcl Translation", "Lcl Translation", "", "A+",4.84133911132813,4.1961669921875e-05,0
			P: "Lcl Rotation", "Lcl Rotation", "", "A+",14.6408377473463,27.3029366258752,57.2913153268498
			P: "MaxHandle", "int", "Integer", "UH",39
		}
		Shading: T
		Culling: "CullingOff"
	}
	Model: 2331738153312, "Model::R-Wing L 03", "LimbNode" {
		Version: 232
		Properties70:  {
			P: "InheritType", "enum", "", "",1
			P: "ScalingMax", "Vector3D", "Vector", "",0,0,0
			P: "DefaultAttributeIndex", "int", "Integer", "",0
			P: "Lcl Translation", "Lcl Translation", "", "A+",5.51171112060547,-3.814697265625e-06,1.9073486328125e-06
			P: "Lcl Rotation", "Lcl Rotation", "", "A+",0.18263700559614,4.08719394466137,5.77531640797863
			P: "MaxHandle", "int", "Integer", "UH",40
		}
		Shading: T
		Culling: "CullingOff"
	}
	Model: 2331738157696, "Model::R-Wing L 04", "LimbNode" {
		Version: 232
		Properties70:  {
			P: "InheritType", "enum", "", "",1
			P: "ScalingMax", "Vector3D", "Vector", "",0,0,0
			P: "DefaultAttributeIndex", "int", "Integer", "",0
			P: "Lcl Translation", "Lcl Translation", "", "A+",9.81437683105469,0.000247955322265625,-9.5367431640625e-07
			P: "Lcl Rotation", "Lcl Rotation", "", "A+",0.0161069945143841,1.40212758501149,2.44613817293689
			P: "MaxHandle", "int", "Integer", "UH",41
		}
		Shading: T
		Culling: "CullingOff"
	}
	Model: 2331738170848, "Model::R-Wing L 05", "LimbNode" {
		Version: 232
		Properties70:  {
			P: "InheritType", "enum", "", "",1
			P: "ScalingMax", "Vector3D", "Vector", "",0,0,0
			P: "DefaultAttributeIndex", "int", "Integer", "",0
			P: "Lcl Translation", "Lcl Translation", "", "A+",13.175048828125,0.000186920166015625,0
			P: "Lcl Rotation", "Lcl Rotation", "", "A+",0.0385466551023553,0.814775884280217,3.86701663295853
			P: "MaxHandle", "int", "Integer", "UH",42
		}
		Shading: T
		Culling: "CullingOff"
	}
	Model: 2331738155504, "Model::R-Wing L 06", "LimbNode" {
		Version: 232
		Properties70:  {
			P: "InheritType", "enum", "", "",1
			P: "ScalingMax", "Vector3D", "Vector", "",0,0,0
			P: "DefaultAttributeIndex", "int", "Integer", "",0
			P: "Lcl Translation", "Lcl Translation", "", "A+",7.80116081237793,-0.000118255615234375,-9.5367431640625e-07
			P: "Lcl Rotation", "Lcl Rotation", "", "A+",0.444568577590994,3.4191746695223,8.16547978262969
			P: "MaxHandle", "int", "Integer", "UH",43
		}
		Shading: T
		Culling: "CullingOff"
	}
	Model: 2331738159888, "Model::R-Wing L 07", "LimbNode" {
		Version: 232
		Properties70:  {
			P: "InheritType", "enum", "", "",1
			P: "ScalingMax", "Vector3D", "Vector", "",0,0,0
			P: "DefaultAttributeIndex", "int", "Integer", "",0
			P: "Lcl Translation", "Lcl Translation", "", "A+",8.36211013793945,1.9073486328125e-06,9.5367431640625e-07
			P: "Lcl Rotation", "Lcl Rotation", "", "A+",0.373609599189162,3.75813457971825,3.98058089013796
			P: "MaxHandle", "int", "Integer", "UH",44
		}
		Shading: T
		Culling: "CullingOff"
	}
	Model: 2331738173040, "Model::R-Wing L 08", "LimbNode" {
		Version: 232
		Properties70:  {
			P: "InheritType", "enum", "", "",1
			P: "ScalingMax", "Vector3D", "Vector", "",0,0,0
			P: "DefaultAttributeIndex", "int", "Integer", "",0
			P: "Lcl Translation", "Lcl Translation", "", "A+",6.05500841140747,1.71661376953125e-05,0
			P: "Lcl Rotation", "Lcl Rotation", "", "A+",-0.330447251039064,3.22925578976242,-5.83818773376084
			P: "MaxHandle", "int", "Integer", "UH",45
		}
		Shading: T
		Culling: "CullingOff"
	}
	Model: 2331738148928, "Model::R-Wing L 09", "LimbNode" {
		Version: 232
		Properties70:  {
			P: "InheritType", "enum", "", "",1
			P: "ScalingMax", "Vector3D", "Vector", "",0,0,0
			P: "DefaultAttributeIndex", "int", "Integer", "",0
			P: "Lcl Translation", "Lcl Translation", "", "A+",6.38828754425049,0,0
			P: "Lcl Rotation", "Lcl Rotation", "", "A+",-0.107526809116418,5.8177714712092,6.40874075242221
			P: "MaxHandle", "int", "Integer", "UH",46
		}
		Shading: T
		Culling: "CullingOff"
	}
	Model: 2331738144544, "Model::R-Wing L 10", "LimbNode" {
		Version: 232
		Properties70:  {
			P: "InheritType", "enum", "", "",1
			P: "ScalingMax", "Vector3D", "Vector", "",0,0,0
			P: "DefaultAttributeIndex", "int", "Integer", "",0
			P: "Lcl Translation", "Lcl Translation", "", "A+",4.79827976226807,0,-9.5367431640625e-07
			P: "Lcl Rotation", "Lcl Rotation", "", "A+",-0.32414826881659,-0.088601128237699,3.32116685076351
			P: "MaxHandle", "int", "Integer", "UH",47
		}
		Shading: T
		Culling: "CullingOff"
	}
	Model: 2331738175232, "Model::R-Wing L 11", "LimbNode" {
		Version: 232
		Properties70:  {
			P: "InheritType", "enum", "", "",1
			P: "ScalingMax", "Vector3D", "Vector", "",0,0,0
			P: "DefaultAttributeIndex", "int", "Integer", "",0
			P: "Lcl Translation", "Lcl Translation", "", "A+",22.1292743682861,3.814697265625e-06,0
			P: "Lcl Rotation", "Lcl Rotation", "", "A+",-9.13804605753659e-07,-3.20165079177696e-07,8.53773544473856e-07
			P: "MaxHandle", "int", "Integer", "UH",48
		}
		Shading: T
		Culling: "CullingOff"
	}
	Model: 2331133213344, "Model::R-Wing R 01", "LimbNode" {
		Version: 232
		Properties70:  {
			P: "InheritType", "enum", "", "",1
			P: "ScalingMax", "Vector3D", "Vector", "",0,0,0
			P: "DefaultAttributeIndex", "int", "Integer", "",0
			P: "Lcl Translation", "Lcl Translation", "", "A+",14.4810762405396,5.49839019775391,3.44993567466736
			P: "Lcl Rotation", "Lcl Rotation", "", "A+",-87.7104103945161,-88.7548930716357,-131.524580370235
			P: "MaxHandle", "int", "Integer", "UH",52
		}
		Shading: T
		Culling: "CullingOff"
	}
	Model: 2331133217728, "Model::R-Wing R 02", "LimbNode" {
		Version: 232
		Properties70:  {
			P: "InheritType", "enum", "", "",1
			P: "ScalingMax", "Vector3D", "Vector", "",0,0,0
			P: "DefaultAttributeIndex", "int", "Integer", "",0
			P: "Lcl Translation", "Lcl Translation", "", "A+",4.84134006500244,4.1961669921875e-05,0
			P: "Lcl Rotation", "Lcl Rotation", "", "A+",-5.57752921182788,-14.5311443186474,28.8371631434871
			P: "MaxHandle", "int", "Integer", "UH",53
		}
		Shading: T
		Culling: "CullingOff"
	}
	Model: 2331133222112, "Model::R-Wing R 03", "LimbNode" {
		Version: 232
		Properties70:  {
			P: "InheritType", "enum", "", "",1
			P: "ScalingMax", "Vector3D", "Vector", "",0,0,0
			P: "DefaultAttributeIndex", "int", "Integer", "",0
			P: "Lcl Translation", "Lcl Translation", "", "A+",5.51170921325684,-3.814697265625e-06,0
			P: "Lcl Rotation", "Lcl Rotation", "", "A+",-0.793174529178687,-8.72412221919019,13.3139063579865
			P: "MaxHandle", "int", "Integer", "UH",54
		}
		Shading: T
		Culling: "CullingOff"
	}
	Model: 2331133195808, "Model::R-Wing R 04", "LimbNode" {
		Version: 232
		Properties70:  {
			P: "InheritType", "enum", "", "",1
			P: "ScalingMax", "Vector3D", "Vector", "",0,0,0
			P: "DefaultAttributeIndex", "int", "Integer", "",0
			P: "Lcl Translation", "Lcl Translation", "", "A+",9.81437492370605,0.000244140625,0
			P: "Lcl Rotation", "Lcl Rotation", "", "A+",-0.0707867845656049,-2.76395867550115,4.62614888427819
			P: "MaxHandle", "int", "Integer", "UH",55
		}
		Shading: T
		Culling: "CullingOff"
	}
	Model: 2331133228688, "Model::R-Wing R 05", "LimbNode" {
		Version: 232
		Properties70:  {
			P: "InheritType", "enum", "", "",1
			P: "ScalingMax", "Vector3D", "Vector", "",0,0,0
			P: "DefaultAttributeIndex", "int", "Integer", "",0
			P: "Lcl Translation", "Lcl Translation", "", "A+",13.1750450134277,0.00018310546875,-1.9073486328125e-06
			P: "Lcl Rotation", "Lcl Rotation", "", "A+",-0.040216509946236,-7.12169460156888,13.9931651322113
			P: "MaxHandle", "int", "Integer", "UH",56
		}
		Shading: T
		Culling: "CullingOff"
	}
	Model: 2331133226496, "Model::R-Wing R 06", "LimbNode" {
		Version: 232
		Properties70:  {
			P: "InheritType", "enum", "", "",1
			P: "ScalingMax", "Vector3D", "Vector", "",0,0,0
			P: "DefaultAttributeIndex", "int", "Integer", "",0
			P: "Lcl Translation", "Lcl Translation", "", "A+",7.8011646270752,-0.00011444091796875,0
			P: "Lcl Rotation", "Lcl Rotation", "", "A+",-0.645647756841021,0.0954118083673059,2.49254498885305
			P: "MaxHandle", "int", "Integer", "UH",57
		}
		Shading: T
		Culling: "CullingOff"
	}
	Model: 2331133230880, "Model::R-Wing R 07", "LimbNode" {
		Version: 232
		Properties70:  {
			P: "InheritType", "enum", "", "",1
			P: "ScalingMax", "Vector3D", "Vector", "",0,0,0
			P: "DefaultAttributeIndex", "int", "Integer", "",0
			P: "Lcl Translation", "Lcl Translation", "", "A+",8.36211204528809,5.7220458984375e-06,9.5367431640625e-07
			P: "Lcl Rotation", "Lcl Rotation", "", "A+",-0.636296384032422,-4.24866512715465,4.79783273110839
			P: "MaxHandle", "int", "Integer", "UH",58
		}
		Shading: T
		Culling: "CullingOff"
	}
	Model: 2331135996416, "Model::R-Wing R 08", "LimbNode" {
		Version: 232
		Properties70:  {
			P: "InheritType", "enum", "", "",1
			P: "ScalingMax", "Vector3D", "Vector", "",0,0,0
			P: "DefaultAttributeIndex", "int", "Integer", "",0
			P: "Lcl Translation", "Lcl Translation", "", "A+",6.05500793457031,1.71661376953125e-05,-9.5367431640625e-07
			P: "Lcl Rotation", "Lcl Rotation", "", "A+",-0.710080611645548,4.4815710911802,-18.2994339863783
			P: "MaxHandle", "int", "Integer", "UH",59
		}
		Shading: T
		Culling: "CullingOff"
	}
	Model: 2331135978880, "Model::R-Wing R 09", "LimbNode" {
		Version: 232
		Properties70:  {
			P: "InheritType", "enum", "", "",1
			P: "ScalingMax", "Vector3D", "Vector", "",0,0,0
			P: "DefaultAttributeIndex", "int", "Integer", "",0
			P: "Lcl Translation", "Lcl Translation", "", "A+",6.38828945159912,-3.814697265625e-06,-9.5367431640625e-07
			P: "Lcl Rotation", "Lcl Rotation", "", "A+",-0.141311457263028,-0.333760728277417,-2.36278164922803
			P: "MaxHandle", "int", "Integer", "UH",60
		}
		Shading: T
		Culling: "CullingOff"
	}
	Model: 2331135972304, "Model::R-Wing R 10", "LimbNode" {
		Version: 232
		Properties70:  {
			P: "InheritType", "enum", "", "",1
			P: "ScalingMax", "Vector3D", "Vector", "",0,0,0
			P: "DefaultAttributeIndex", "int", "Integer", "",0
			P: "Lcl Translation", "Lcl Translation", "", "A+",4.79827880859375,1.9073486328125e-06,9.5367431640625e-07
			P: "Lcl Rotation", "Lcl Rotation", "", "A+",1.42391555932258,-6.3950898280925,13.8404396780685
			P: "MaxHandle", "int", "Integer", "UH",61
		}
		Shading: T
		Culling: "CullingOff"
	}
	Model: 2331136013952, "Model::R-Wing R 11", "LimbNode" {
		Version: 232
		Properties70:  {
			P: "InheritType", "enum", "", "",1
			P: "ScalingMax", "Vector3D", "Vector", "",0,0,0
			P: "DefaultAttributeIndex", "int", "Integer", "",0
			P: "Lcl Translation", "Lcl Translation", "", "A+",22.1292743682861,3.814697265625e-06,-3.814697265625e-06
			P: "Lcl Rotation", "Lcl Rotation", "", "A+",1.70754729250319e-06,8.53773646251594e-07,0
			P: "MaxHandle", "int", "Integer", "UH",62
		}
		Shading: T
		Culling: "CullingOff"
	}
	Pose: 2332109369744, "Pose::BIND_POSES", "BindPose" {
		Type: "BindPose"
		Version: 100
		NbPoseNodes: 29
		PoseNode:  {
			Node: 2331136013952
			Matrix: *16 {
				a: 4.06772535654909e-08,-0.990191161632538,0.139718592166901,0,1.77193886230498e-08,-0.139718592166901,-0.990191161632538,0,1,4.27539958991474e-08,1.1862216986458e-08,0,-1.09157943725586,-91.9054641723633,28.6801166534424,1
			} 
		}
		PoseNode:  {
			Node: 2331135972304
			Matrix: *16 {
				a: 4.06772535654909e-08,-0.990191161632538,0.139718592166901,0,1.77193886230498e-08,-0.139718592166901,-0.990191161632538,0,1,4.27539958991474e-08,1.1862216986458e-08,0,-1.09158039093018,-69.9932556152344,25.5882453918457,1
			} 
		}
		PoseNode:  {
			Node: 2331135978880
			Matrix: *16 {
				a: 3.95973742683964e-08,-0.980580806732178,0.196116015315056,0,2.00166034858285e-08,-0.196116015315056,-0.980580806732178,0,1,4.27539958991474e-08,1.1862216986458e-08,0,-1.09158062934875,-65.2881546020508,24.6472263336182,1
			} 
		}
		PoseNode:  {
			Node: 2331135996416
			Matrix: *16 {
				a: 4.05402573733227e-08,-0.989091336727142,0.147303566336632,0,1.80306312103085e-08,-0.147303566336632,-0.989091336727142,0,1,4.27539958991474e-08,1.1862216986458e-08,0,-1.09158086776733,-58.9695587158203,23.7062072753906,1
			} 
		}
		PoseNode:  {
			Node: 2331133230880
			Matrix: *16 {
				a: 4.32385185433759e-08,-0.999013662338257,-0.0444010831415653,0,9.95219195942809e-09,0.0444010831415653,-0.999013662338257,0,1,4.27539958991474e-08,1.1862216986458e-08,0,-1.09158110618591,-52.920524597168,23.9750709533691,1
			} 
		}
		PoseNode:  {
			Node: 2331133226496
			Matrix: *16 {
				a: 4.35692797395859e-08,-0.996763110160828,-0.0803958475589752,0,8.38657499002693e-09,0.0803958475589752,-0.996763110160828,0,1,4.27539994518611e-08,1.1862216986458e-08,0,-1.09158146381378,-44.5854797363281,24.6473541259766,1
			} 
		}
		PoseNode:  {
			Node: 2331133228688
			Matrix: *16 {
				a: 4.36861924413279e-08,-0.99940687417984,-0.0344388708472252,0,1.04080744023349e-08,0.0344388708472252,-0.99940687417984,0,1,4.33018314538458e-08,1.19064029746596e-08,0,-1.09158182144165,-36.7889404296875,24.915901184082,1
			} 
		}
		PoseNode:  {
			Node: 2331133195808
			Matrix: *16 {
				a: 4.35876437165916e-08,-0.999947786331177,0.0102220019325614,0,1.23667280860218e-08,-0.0102220019325614,-0.999947786331177,0,1,4.37117790852426e-08,1.19205285642465e-08,0,-1.0915824174881,-23.6145782470703,24.7814102172852,1
			} 
		}
		PoseNode:  {
			Node: 2331133222112
			Matrix: *16 {
				a: 4.35443929802659e-08,-0.999906182289124,0.013697661459446,0,1.25181598420454e-08,-0.013697661459446,-0.999906182289124,0,1,4.37117790852426e-08,1.19205285642465e-08,0,-1.09158289432526,-13.801118850708,24.6472225189209,1
			} 
		}
		PoseNode:  {
			Node: 2331133217728
			Matrix: *16 {
				a: 4.37116831619733e-08,-0.99999988079071,7.61821820560726e-06,0,1.19208598547971e-08,-7.61821820560726e-06,-0.99999988079071,0,1,4.37117790852426e-08,1.19205276760681e-08,0,-1.09158313274384,-8.28941059112549,24.6471786499023,1
			} 
		}
		PoseNode:  {
			Node: 2331133213344
			Matrix: *16 {
				a: 7.54687903281592e-08,-0.999614417552948,0.0277664735913277,0,1.40211913191024e-08,-0.0277664735913277,-0.999614417552948,0,1,7.58290141789075e-08,1.19202825388243e-08,0,-1.09158337116241,-3.44993758201599,24.5127944946289,1
			} 
		}
		PoseNode:  {
			Node: 2331738175232
			Matrix: *16 {
				a: 4.58880151654739e-08,0.990191161632538,0.139718592166901,0,-5.50480150351973e-09,0.139718592166901,-0.990191161632538,0,-1,4.46687877797558e-08,1.1862216986458e-08,0,-1.09157919883728,91.8866958618164,28.6801166534424,1
			} 
		}
		PoseNode:  {
			Node: 2331738144544
			Matrix: *16 {
				a: 4.58880151654739e-08,0.990191161632538,0.139718592166901,0,-5.50480105943052e-09,0.139718592166901,-0.990191161632538,0,-1,4.46687877797558e-08,1.1862216986458e-08,0,-1.0915801525116,69.9744873046875,25.5882453918457,1
			} 
		}
		PoseNode:  {
			Node: 2331738148928
			Matrix: *16 {
				a: 4.61277274155236e-08,0.980580806732178,0.196116015315056,0,-2.87159607204046e-09,0.196116015315056,-0.980580806732178,0,-1,4.46687877797558e-08,1.1862216986458e-08,0,-1.09158039093018,65.2693862915039,24.6472263336182,1
			} 
		}
		PoseNode:  {
			Node: 2331738173040
			Matrix: *16 {
				a: 4.59288571619254e-08,0.989091336727142,0.147303566336632,0,-5.15294251712817e-09,0.147303566336632,-0.989091336727142,0,-1,4.46687877797558e-08,1.1862216986458e-08,0,-1.09158062934875,58.9507904052734,23.7062072753906,1
			} 
		}
		PoseNode:  {
			Node: 2331738159888
			Matrix: *16 {
				a: 4.40980336691155e-08,0.999013662338257,-0.0444010831415653,0,-1.38338585031761e-08,-0.0444010831415653,-0.999013662338257,0,-1,4.46687877797558e-08,1.1862216986458e-08,0,-1.09158086776733,52.9017562866211,23.9750709533691,1
			} 
		}
		PoseNode:  {
			Node: 2331738155504
			Matrix: *16 {
				a: 4.35705196366598e-08,0.996763110160828,-0.0803958475589752,0,-1.54150043840673e-08,-0.0803958475589752,-0.996763110160828,0,-1,4.46687842270421e-08,1.1862216986458e-08,0,-1.0915812253952,44.5667152404785,24.6473541259766,1
			} 
		}
		PoseNode:  {
			Node: 2331738170848
			Matrix: *16 {
				a: 4.36847358287196e-08,0.99940687417984,-0.0344388708472252,0,-1.34188171685423e-08,-0.0344388708472252,-0.99940687417984,0,-1,4.41209522250574e-08,1.19064029746596e-08,0,-1.09158158302307,36.7701759338379,24.915901184082,1
			} 
		}
		PoseNode:  {
			Node: 2331738157696
			Matrix: *16 {
				a: 4.38305711725206e-08,0.999947786331177,0.0102220019325614,0,-1.1473092698111e-08,0.0102220019325614,-0.999947786331177,0,-1,4.37110045936606e-08,1.19205285642465e-08,0,-1.09158217906952,23.5958137512207,24.7814102172852,1
			} 
		}
		PoseNode:  {
			Node: 2331738153312
			Matrix: *16 {
				a: 4.38701839300393e-08,0.999906182289124,0.013697661459446,0,-1.13206723995063e-08,0.013697661459446,-0.999906182289124,0,-1,4.37110045936606e-08,1.19205285642465e-08,0,-1.09158265590668,13.7823543548584,24.6472225189209,1
			} 
		}
		PoseNode:  {
			Node: 2331738168656
			Matrix: *16 {
				a: 4.37110898587889e-08,0.99999988079071,7.61821820560726e-06,0,-1.19201937209823e-08,7.61821820560726e-06,-0.99999988079071,0,-1,4.37110045936606e-08,1.19205276760681e-08,0,-1.09158289432526,8.27064609527588,24.6471786499023,1
			} 
		}
		PoseNode:  {
			Node: 2331735956400
			Matrix: *16 {
				a: 1.19202825388243e-08,0.999614417552948,0.0277664735913277,0,-1.15937686118173e-08,0.0277664735913277,-0.999614417552948,0,-1,1.15937686118173e-08,1.19202825388243e-08,0,-1.09158313274384,3.43117308616638,24.5127944946289,1
			} 
		}
		PoseNode:  {
			Node: 2331735954208
			Matrix: *16 {
				a: 0.971398770809174,9.56245358452179e-08,0.237454518675804,0,-0.237454518675804,-8.86296120938823e-08,0.971398770809174,0,1.13935058720926e-07,-1,-6.33882137890396e-08,0,11.2316379547119,-1.58593400101381e-06,36.2819480895996,1
			} 
		}
		PoseNode:  {
			Node: 2331735877488
			Matrix: *16 {
				a: 0.971398830413818,9.56245429506453e-08,0.237454533576965,0,-0.237454533576965,-8.86296191993097e-08,0.971398830413818,0,1.13935058720926e-07,-1,-6.33882137890396e-08,0,6.95407819747925,-1.54022814058408e-06,35.2363243103027,1
			} 
		}
		PoseNode:  {
			Node: 2331735873104
			Matrix: *16 {
				a: 0.759257972240448,4.52536852435514e-08,0.65078991651535,0,-0.65078991651535,-1.22275778835501e-07,0.759257972240448,0,1.13935058720926e-07,-1,-6.33882137890396e-08,0,2.96167778968811,-1.39062649395783e-06,31.8142852783203,1
			} 
		}
		PoseNode:  {
			Node: 2331736122992
			Matrix: *16 {
				a: 0.351122796535492,-1.93470501841375e-08,0.936329364776611,0,-0.936329364776611,-1.28937770682569e-07,0.351122796535492,0,1.13935051615499e-07,-1,-6.33882137890396e-08,0,1.8209969997406,-1.25768497127865e-06,28.7724533081055,1
			} 
		}
		PoseNode:  {
			Node: 2331736118608
			Matrix: *16 {
				a: 0.17020682990551,-4.30707665088903e-08,0.985408663749695,0,-0.985408663749695,-1.23061681733816e-07,0.17020682990551,0,1.13935051615499e-07,-1,-6.33882137890396e-08,0,0.0149097442626953,-8.00655811872275e-07,18.3161773681641,1
			} 
		}
		PoseNode:  {
			Node: 2331736114224
			Matrix: *16 {
				a: 0.774327993392944,0,0.632784485816956,0,-0.632784485816956,-1.62920684942947e-07,0.774327993392944,0,1.03093682923827e-07,-1,-1.26154048984972e-07,0,-8.8253927230835,-4.84839802084025e-07,11.0918416976929,1
			} 
		}
		PoseNode:  {
			Node: 2331736083536
			Matrix: *16 {
				a: 1,0,0,0,0,1,0,0,0,0,1,0,0,0,0,1
			} 
		}
	}
	Deformer: 2332109364640, "Deformer::", "Skin" {
		Version: 101
		Link_DeformAcuracy: 50
		SkinningType: "Blend"
		Indexes: *564 {
			a: 0,1,2,3,4,5,6,7,8,9,10,11,12,13,14,15,16,17,18,19,20,21,22,23,24,25,26,27,28,29,30,31,32,33,34,35,36,37,38,39,40,41,42,43,44,45,46,47,48,49,50,51,52,53,54,55,56,57,58,59,60,61,62,63,64,65,66,67,68,69,70,71,72,73,74,75,76,77,78,79,80,81,82,83,84,85,86,87,88,89,90,91,92,93,94,95,96,97,98,99,100,101,102,103,104,105,106,107,108,109,110,111,112,113,114,115,116,117,118,119,120,121,122,123,124,125,126,127,128,129,130,131,132,133,134,135,136,137,138,139,140,141,142,143,144,145,146,147,148,149,150,151,152,153,154,155,156,157,158,159,160,161,162,163,164,165,166,167,168,169,170,171,172,173,174,175,176,177,178,179,180,181,182,183,184,185,186,187,188,189,190,191,192,193,194,195,196,197,198,199,200,201,202,203,204,205,206,207,208,209,210,211,212,213,214,215,216,217,218,219,220,221,222,223,224,225,226,227,228,229,230,231,232,233,234,235,236,237,238,239,240,241,242,243,244,245,246,247,248,249,250,251,252,253,254,255,256,257,258,259,260,261,262,263,264,265,266,267,268,269,270,271,272,273,274,275,276,277,278,279,280,281,282,283,284,285,286,287,288,289,290,291,292,293,294,295,296,297,298,299,300,301,302,303,304,305,306,307,308,309,310,311,312,313,314,315,316,317,318,319,320,321,322,323,324,325,326,327,328,329,330,331,332,333,334,335,336,337,338,339,340,341,342,343,344,345,346,347,348,349,350,351,352,353,354,355,356,357,358,359,360,361,362,363,364,365,366,367,368,369,370,371,372,373,374,375,376,377,378,379,380,381,382,383,384,385,386,387,388,389,390,391,392,393,394,395,396,397,398,399,400,401,402,403,404,405,406,407,408,409,410,411,412,413,414,415,416,417,418,419,420,421,422,423,424,425,426,427,428,429,430,431,432,433,434,435,436,437,438,439,440,441,442,443,444,445,446,447,448,449,450,451,452,453,454,455,456,457,458,459,460,461,462,463,464,465,466,467,468,469,470,471,472,473,474,475,476,477,478,479,480,481,482,483,484,485,486,487,488,489,490,491,492,493,494,495,496,497,498,499,500,501,502,503,504,505,506,507,508,509,510,511,512,513,514,515,516,517,518,519,520,521,522,523,524,525,526,527,528,529,530,531,532,533,534,535,
536,537,538,539,540,541,542,543,544,545,546,547,548,549,550,551,552,553,554,555,556,557,558,559,560,561,562,563
		} 
		BlendWeights: *564 {
			a: 0,0,0,0,0,0,0,0,0,0,0,0,0,0,0,0,0,0,0,0,0,0,0,0,0,0,0,0,0,0,0,0,0,0,0,0,0,0,0,0,0,0,0,0,0,0,0,0,0,0,0,0,0,0,0,0,0,0,0,0,0,0,0,0,0,0,0,0,0,0,0,0,0,0,0,0,0,0,0,0,0,0,0,0,0,0,0,0,0,0,0,0,0,0,0,0,0,0,0,0,0,0,0,0,0,0,0,0,0,0,0,0,0,0,0,0,0,0,0,0,0,0,0,0,0,0,0,0,0,0,0,0,0,0,0,0,0,0,0,0,0,0,0,0,0,0,0,0,0,0,0,0,0,0,0,0,0,0,0,0,0,0,0,0,0,0,0,0,0,0,0,0,0,0,0,0,0,0,0,0,0,0,0,0,0,0,0,0,0,0,0,0,0,0,0,0,0,0,0,0,0,0,0,0,0,0,0,0,0,0,0,0,0,0,0,0,0,0,0,0,0,0,0,0,0,0,0,0,0,0,0,0,0,0,0,0,0,0,0,0,0,0,0,0,0,0,0,0,0,0,0,0,0,0,0,0,0,0,0,0,0,0,0,0,0,0,0,0,0,0,0,0,0,0,0,0,0,0,0,0,0,0,0,0,0,0,0,0,0,0,0,0,0,0,0,0,0,0,0,0,0,0,0,0,0,0,0,0,0,0,0,0,0,0,0,0,0,0,0,0,0,0,0,0,0,0,0,0,0,0,0,0,0,0,0,0,0,0,0,0,0,0,0,0,0,0,0,0,0,0,0,0,0,0,0,0,0,0,0,0,0,0,0,0,0,0,0,0,0,0,0,0,0,0,0,0,0,0,0,0,0,0,0,0,0,0,0,0,0,0,0,0,0,0,0,0,0,0,0,0,0,0,0,0,0,0,0,0,0,0,0,0,0,0,0,0,0,0,0,0,0,0,0,0,0,0,0,0,0,0,0,0,0,0,0,0,0,0,0,0,0,0,0,0,0,0,0,0,0,0,0,0,0,0,0,0,0,0,0,0,0,0,0,0,0,0,0,0,0,0,0,0,0,0,0,0,0,0,0,0,0,0,0,0,0,0,0,0,0,0,0,0,0,0,0,0,0,0,0,0,0,0,0,0,0,0,0,0,0,0,0,0,0,0,0,0,0,0,0,0,0,0,0,0,0,0,0,0,0,0,0,0,0,0,0,0,0,0,0,0,0,0,0,0,0,0,0,0,0,0,0,0,0,0,0,0,0,0,0,0,0,0,0,0
		} 
	}
	Deformer: 2331690151664, "SubDeformer::", "Cluster" {
		Version: 100
		UserData: "", ""
		Indexes: *119 {
			a: 0,1,18,20,21,22,23,24,25,26,27,28,29,32,33,34,35,36,37,38,50,51,52,53,54,55,56,57,58,59,60,61,62,63,97,98,179,180,181,182,183,184,185,186,187,188,190,191,192,193,194,210,211,212,213,214,215,216,217,218,219,220,265,266,269,270,271,272,273,274,275,276,277,278,279,280,281,282,283,284,285,286,287,288,289,290,291,292,293,294,322,323,324,325,333,334,342,344,415,416,417,418,419,420,421,427,428,429,430,431,435,483,484,485,493,494,495,517,518
		} 
		Weights: *119 {
			a: 1,1,1,1,1,1,1,1,1,1,1,1,1,1,1,1,1,1,1,1,1,1,1,1,1,1,1,1,1,1,1,1,1,1,1,1,1,1,1,1,1,1,1,1,1,1,1,1,1,1,1,1,1,1,1,1,1,1,1,1,1,1,1,1,1,1,1,1,1,1,1,1,1,1,1,1,1,1,1,1,1,1,1,1,1,1,1,1,1,1,1,1,1,1,1,1,1,1,1,1,1,1,1,1,1,1,1,1,1,1,1,1,1,1,1,1,1,1,1
		} 
		Transform: *16 {
			a: 0.774327957121431,-0.632784456175687,1.03093683471918e-07,0,1.32348891808918e-23,-1.62920687505193e-07,-0.999999999999973,0,0.632784456175704,0.77432795712141,-1.26154049038095e-07,0,-0.184996698601994,-14.1732944573019,1.82428318327846e-06,1
		} 
		TransformLink: *16 {
			a: 0.774327993392944,0,0.632784485816956,0,-0.632784485816956,-1.62920695136821e-07,0.774327993392944,0,1.03093683471921e-07,-1,-1.26154049038098e-07,0,-8.8253927230835,-4.84839802084025e-07,11.0918416976929,1
		} 
	}
	Deformer: 2331690142832, "SubDeformer::", "Cluster" {
		Version: 100
		UserData: "", ""
		Indexes: *86 {
			a: 2,3,8,9,10,11,45,46,47,69,70,71,72,73,75,80,197,198,204,221,222,223,224,225,226,227,228,246,247,248,249,251,252,253,298,299,309,319,422,423,436,437,438,439,440,441,442,443,444,445,446,447,448,449,450,451,452,453,454,455,456,457,458,459,460,461,462,463,464,465,466,467,468,469,470,471,472,473,474,475,476,477,478,479,480,481
		} 
		Weights: *86 {
			a: 1,1,1,1,1,1,1,1,1,1,1,1,1,1,1,0.00774314161390066,1,0.00353635963983834,0.0360868498682976,1,1,1,1,1,1,1,1,1,1,1,1,1,1,1,1,0.727993130683899,0.00774294091388583,0.0105858966708183,1,1,1,1,1,1,1,1,1,1,1,1,1,1,1,1,1,1,1,1,1,1,1,1,1,1,1,1,1,1,1,1,1,1,1,1,1,1,1,1,1,1,1,1,1,1,1,1
		} 
		Transform: *16 {
			a: 0.759257832651856,-0.650789796868457,1.13935050940148e-07,0,4.52536769237202e-08,-1.22275766638655e-07,-0.999999999999983,0,0.650789796868469,0.759257832651849,-6.33882140050112e-08,0,-22.9530893134053,-22.2278156006443,2.88585319844424e-07,1
		} 
		TransformLink: *16 {
			a: 0.759257972240448,4.52536852435514e-08,0.65078991651535,0,-0.650789916515346,-1.22275789118901e-07,0.759257972240451,0,1.1393505094015e-07,-1,-6.33882140050123e-08,0,2.96167778968811,-1.39062649395783e-06,31.8142852783203,1
		} 
	}
	Deformer: 2331278216864, "SubDeformer::", "Cluster" {
		Version: 100
		UserData: "", ""
		Indexes: *53 {
			a: 4,5,17,19,43,48,49,65,66,67,76,77,78,79,189,195,199,200,201,202,208,209,229,232,233,235,236,238,239,243,245,257,258,262,263,264,267,268,300,306,307,308,424,425,426,482,486,487,488,489,490,491,492
		} 
		Weights: *53 {
			a: 0.0361918546259403,0.79340261220932,1,1,0.73996502161026,1,1,1,0.996831715106964,0.957762181758881,0.0184116847813129,1,1,1,1,1,1,1,0.633544683456421,0.761714935302734,1,1,0.0361914858222008,0.739970743656158,0.793403685092926,0.0184116791933775,0.67618727684021,0.957762539386749,0.0326329283416271,1,0.996831834316254,1,1,1,1,1,1,1,0.0270647071301937,1,1,1,0.835514783859253,0.892305135726929,1,1,1,1,1,1,1,1,1
		} 
		Transform: *16 {
			a: 0.170206727859863,-0.985408072958674,1.13935078545914e-07,0,-4.30707406862824e-08,-1.23061646645529e-07,-0.999999999999983,0,0.985408072958687,0.170206727859855,-6.33882137848661e-08,0,-18.0514467831163,-3.10284443437383,3.58675211978778e-07,1
		} 
		TransformLink: *16 {
			a: 0.17020682990551,-4.30707665088903e-08,0.985408663749695,0,-0.985408663749696,-1.23061720425842e-07,0.170206829905505,0,1.13935078545916e-07,-1,-6.33882137848671e-08,0,0.0149097442626953,-8.00655811872275e-07,18.3161773681641,1
		} 
	}
	Deformer: 2331278226432, "SubDeformer::", "Cluster" {
		Version: 100
		UserData: "", ""
		Indexes: *31 {
			a: 4,5,12,13,43,44,66,67,68,76,196,198,201,202,203,229,230,231,232,233,234,235,236,238,239,240,245,254,300,424,425
		} 
